27134431	15	29.23852
27134640	15	29.23857
27137268	15	29.239217
27138997	15	29.239633
27139096	15	29.239656
27140154	15	29.239909
27141839	15	29.240312
27144576	15	29.240963
27145665	15	29.24124
27145838	15	29.241288
27147620	15	29.241815
27148076	15	29.24196
27148584	15	29.242129
27148832	15	29.242212
27150786	15	29.242875
27150940	15	29.242927
27151669	15	29.243175
27153403	15	29.243763
27154342	15	29.24408
27154698	15	29.244198
27155218	15	29.244363
27155533	15	29.244464
27155946	15	29.244595
27156574	15	29.244792
27156589	15	29.244797
27156782	15	29.244856
27157400	15	29.245046
27157454	15	29.245063
27158056	15	29.245254
27159610	15	29.245898
27159650	15	29.245916
27159669	15	29.245925
27159793	15	29.245987
27160219	15	29.247887
27161262	15	29.255743
27161380	15	29.255847
27161482	15	29.25594
27161505	15	29.255959
27162512	15	29.256558
27162514	15	29.256559
27162624	15	29.256623
27163685	15	29.257239
27163821	15	29.257318
27164571	15	29.257482
27164630	15	29.257496
27164655	15	29.257503
27164848	15	29.257558
27165261	15	29.257695
27165523	15	29.257782
27166078	15	29.25822
27166355	15	29.258421
27166599	15	29.258527
27167108	15	29.258636
27167253	15	29.258666
27167431	15	29.258704
27167668	15	29.258753
27168075	15	29.258839
27168925	15	29.259016
27170159	15	29.259268
27170655	15	29.259369
27170761	15	29.259391
27171221	15	29.259482
27172230	15	29.25968
27172523	15	29.259735
27172720	15	29.259771
27173038	15	29.25983
27173340	15	29.259881
27174208	15	29.260016
27174705	15	29.260094
27174790	15	29.260107
27176066	15	29.260317
27176923	15	29.260477
27177907	15	29.26066
27178416	15	29.260755
27178623	15	29.264161
27178625	15	29.264194
27179059	15	29.271425
27179760	15	29.317807
27179855	15	29.324093
27180102	15	29.340435
27180615	15	29.374378
27180798	15	29.386486
27180847	15	29.389728
27181321	15	29.397665
27182820	15	29.398379
27186810	15	29.39862
27197487	15	29.399245
27199148	15	29.399343
27200276	15	29.399583
27200335	15	29.399628
27200602	15	29.399951
27200820	15	29.400255
27201097	15	29.400571
27201983	15	29.400841
27202137	15	29.40088
27202697	15	29.401002
27204445	15	29.401367
27206500	15	29.401802
27206814	15	29.401872
27207711	15	29.402101
27208131	15	29.402676
27208761	15	29.402848
27209028	15	29.402915
27210703	15	29.403297
27211234	15	29.403417
27211251	15	29.403421
27211322	15	29.403437
27212292	15	29.403654
27212663	15	29.403738
27213288	15	29.40388
27214049	15	29.404056
27214087	15	29.404065
27214179	15	29.404097
27214460	15	29.40426
27214567	15	29.404513
27214669	15	29.404763
27214751	15	29.404958
27214759	15	29.404976
27215262	15	29.406094
27215344	15	29.406253
27215929	15	29.407231
27215991	15	29.407283
27216187	15	29.407358
27216282	15	29.407391
27217187	15	29.40769
27217802	15	29.407894
27218275	15	29.408075
27218727	15	29.410626
27218875	15	29.413403
27219029	15	29.416305
27219111	15	29.420249
27219209	15	29.426599
27219705	15	29.459047
27219955	15	29.475402
27220695	15	29.523812
27220785	15	29.529428
27221244	15	29.529598
27222139	15	29.529815
27222217	15	29.529833
27222420	15	29.529882
27222667	15	29.529942
27222747	15	29.529962
27224051	15	29.530305
27224489	15	29.530424
27224754	15	29.530496
27224775	15	29.530502
27225110	15	29.530601
27225142	15	29.53061
27225427	15	29.530695
27225481	15	29.530711
27226035	15	29.530907
27226279	15	29.531371
27226458	15	29.53167
27226495	15	29.531682
27226951	15	29.531803
27227002	15	29.531817
27229129	15	29.532318
27229779	15	29.532467
27230197	15	29.532563
27230564	15	29.532647
27231428	15	29.532848
27232104	15	29.533013
27232674	15	29.533813
27232924	15	29.536433
27233874	15	29.559836
27234143	15	29.566462
27234463	15	29.57475
27235788	15	29.617418
27236634	15	29.644681
27237460	15	29.66944
27237623	15	29.67097
27237799	15	29.672515
27238025	15	29.672965
27238322	15	29.673556
27238352	15	29.673616
27238728	15	29.674351
27240427	15	29.676089
27241367	15	29.677007
27241521	15	29.677155
27241571	15	29.677203
27241684	15	29.67731
27241878	15	29.677489
27243735	15	29.679182
27244236	15	29.679637
27244652	15	29.680014
27245053	15	29.680377
27245338	15	29.680638
27246058	15	29.681308
27246560	15	29.681903
27246638	15	29.682061
27246733	15	29.682262
27246758	15	29.682317
27246924	15	29.682707
27248755	15	29.813361
27249198	15	29.816312
27249549	15	29.818599
27250982	15	29.827755
27251160	15	29.828856
27251196	15	29.829023
27251812	15	29.830099
27251860	15	29.830173
27252426	15	29.83095
27253066	15	29.831828
27253685	15	29.832673
27254817	15	29.834219
27254961	15	29.834415
27255233	15	29.834787
27255247	15	29.834798
27255251	15	29.834802
27257090	15	29.835421
27257538	15	29.835599
27259989	15	29.836746
27260088	15	29.836818
27260580	15	29.837338
27261286	15	29.837767
27261389	15	29.837865
27261800	15	29.838894
27261888	15	29.839114
27262626	15	29.840957
27262804	15	29.841401
27262927	15	29.841707
27262996	15	29.84189
27263520	15	29.843415
27263663	15	29.843867
27263715	15	29.844032
27264100	15	29.845253
27264980	15	29.848019
27265203	15	29.848715
27265375	15	29.849247
27265390	15	29.849293
27265527	15	29.84971
27265642	15	29.850066
27265653	15	29.850097
27265697	15	29.850206
27265795	15	29.850427
27266400	15	29.851271
27267062	15	29.851293
27268107	15	29.851325
27268265	15	29.85133
27268274	15	29.85133
27268357	15	29.851333
27268486	15	29.851341
27269062	15	29.851731
27269382	15	29.852026
27269514	15	29.852102
27269602	15	29.852109
27270230	15	29.852743
27270292	15	29.852775
27270842	15	29.852973
27271370	15	29.853072
27271421	15	29.853076
27272282	15	29.853146
27272532	15	29.853155
27273153	15	29.853171
27273282	15	29.853174
27274084	15	29.853194
27274506	15	29.853205
27275295	15	29.853225
27275664	15	29.853243
27276070	15	29.853295
27276664	15	29.853456
27277213	15	29.853605
27277810	15	29.853768
27278792	15	29.854422
27279678	15	29.855012
27280882	15	29.855408
27281077	15	29.855473
27283015	15	29.856111
27283563	15	29.856418
27284014	15	29.857113
27285066	15	29.85874
27285106	15	29.858784
27286942	15	29.859904
27287569	15	29.860173
27288597	15	29.860559
27290508	15	29.861266
27291380	15	29.861577
27292862	15	29.862097
27293018	15	29.862153
27293739	15	29.862417
27294162	15	29.862687
27295644	15	29.86366
27296289	15	29.864125
27297349	15	29.864936
27298077	15	29.865411
27299714	15	29.866425
27302059	15	29.867234
27303673	15	29.867594
27304878	15	29.867862
27310471	15	29.869037
27312385	15	29.889506
27313153	15	29.902651
27315877	15	29.949279
27319639	15	30.013666
27320384	15	30.025981
27321306	15	30.027326
27322238	15	30.028383
27324024	15	30.030405
27324476	15	30.030918
27325897	15	30.031419
27326470	15	30.032712
27326503	15	30.03279
27326584	15	30.032988
27326696	15	30.033266
27327045	15	30.03414
27327182	15	30.034486
27390427	15	30.429171
27393831	15	30.431144
27393984	15	30.43125
27394416	15	30.431609
27394700	15	30.431982
27394828	15	30.432123
27395037	15	30.432328
27395478	15	30.432706
27396392	15	30.433486
27396841	15	30.434335
27396922	15	30.4345
27397031	15	30.434741
27399205	15	30.440018
27400890	15	30.443958
27401233	15	30.444636
27405816	15	30.451176
27406294	15	30.451855
27406496	15	30.452145
27406586	15	30.452271
27406721	15	30.452444
27409146	15	30.454927
27413959	15	30.475812
27414229	15	30.477227
27416585	15	30.504521
27417555	15	30.515758
27417811	15	30.518781
27418299	15	30.52233
27418550	15	30.524046
27421075	15	30.524463
27422750	15	30.524667
27423078	15	30.524707
27426477	15	30.525119
27426945	15	30.525176
27428868	15	30.525411
27429030	15	30.526
27432822	15	30.526502
27433719	15	30.526628
27435123	15	30.526834
27435341	15	30.526867
27437685	15	30.527229
27437705	15	30.527234
27439909	15	30.527893
27440002	15	30.527921
27440501	15	30.528071
27442004	15	30.528521
27442556	15	30.528618
27446567	15	30.529258
27446733	15	30.529308
27447029	15	30.529442
27447396	15	30.529675
27447759	15	30.529947
27448695	15	30.530678
27448929	15	30.530873
27453317	15	30.535958
27456432	15	30.539566
27456652	15	30.540299
27456744	15	30.540638
27456768	15	30.540726
27458569	15	30.547093
27461133	15	30.552256
27461515	15	30.55266
27461915	15	30.553049
27464480	15	30.554702
27465536	15	30.555373
27473414	15	30.56037
27474896	15	30.564
27477924	15	30.571534
27479150	15	30.574555
27479199	15	30.574675
27479357	15	30.575062
27481381	15	30.580011
27482063	15	30.581678
27486638	15	30.592979
27491436	15	30.710616
27494861	15	30.717385
27495468	15	30.718582
27496506	15	30.720631
27496591	15	30.720799
27497255	15	30.722117
27499704	15	30.726995
27500082	15	30.72807
27501432	15	30.732094
27501510	15	30.732326
27501524	15	30.732366
27501534	15	30.732394
27501552	15	30.732442
27501694	15	30.732801
27501879	15	30.733196
27502489	15	30.7345
27502918	15	30.735416
27502966	15	30.735512
27503726	15	30.736935
27505397	15	30.738255
27506066	15	30.738783
27506421	15	30.739342
27506640	15	30.739754
27506792	15	30.740042
27507599	15	30.74161
27508571	15	30.745447
27509311	15	30.766832
27509587	15	30.768314
27509653	15	30.768669
27509735	15	30.768784
27509958	15	30.769094
27510814	15	30.77022
27510829	15	30.77024
27511439	15	30.771041
27511556	15	30.771195
27511828	15	30.771552
27512250	15	30.772105
27512429	15	30.772339
27512614	15	30.772611
27513669	15	30.774182
27513758	15	30.774228
27514605	15	30.774631
27515388	15	30.775179
27516630	15	30.775454
27516776	15	30.775486
27516999	15	30.775534
27517036	15	30.775542
27517349	15	30.775607
27517479	15	30.775634
27517692	15	30.775677
27519228	15	30.775968
27519433	15	30.775998
27519454	15	30.776
27519482	15	30.776002
27519670	15	30.776012
27519822	15	30.776026
27520869	15	30.776617
27521731	15	30.776648
27522182	15	30.776664
27522424	15	30.776673
27522701	15	30.776685
27522714	15	30.776685
27522819	15	30.776692
27522987	15	30.776703
27523182	15	30.776718
27523641	15	30.776752
27523800	15	30.776768
27524713	15	30.776907
27524949	15	30.776944
27524997	15	30.776953
27525136	15	30.776979
27525555	15	30.777065
27525817	15	30.777253
27526277	15	30.777346
27526379	15	30.777422
27527359	15	30.778156
27527530	15	30.778333
27527621	15	30.778454
27527746	15	30.778621
27528232	15	30.779383
27528645	15	30.780158
27530897	15	30.78505
27532605	15	30.788223
27535607	15	30.789865
27545052	15	30.795044
27548030	15	30.797231
27548151	15	30.797434
27548691	15	30.798441
27548716	15	30.798488
27548780	15	30.798609
27549000	15	30.799023
27549022	15	30.799065
27549042	15	30.799103
27549320	15	30.799633
27549362	15	30.799716
27549564	15	30.800133
27549635	15	30.800293
27549660	15	30.800349
27549778	15	30.800624
27549819	15	30.80072
27549842	15	30.800774
27550434	15	30.80217
27550777	15	30.802979
27551141	15	30.803838
27551197	15	30.80397
27551438	15	30.804537
27551600	15	30.804919
27551745	15	30.805261
27552429	15	30.806872
27553075	15	30.808393
27553245	15	30.808802
27553606	15	30.809668
27553635	15	30.809738
27553660	15	30.809792
27553965	15	30.810389
27554077	15	30.81062
27554443	15	30.811552
27554719	15	30.812254
27554866	15	30.812498
27554929	15	30.81261
27555263	15	30.813232
27555445	15	30.813574
27556507	15	30.81359
27556517	15	30.81359
27558196	15	30.813629
27558894	15	30.814347
27558941	15	30.814348
27559281	15	30.814352
27559331	15	30.814352
27559756	15	30.814357
27560158	15	30.814362
27560863	15	30.814371
27560878	15	30.814372
27560933	15	30.814376
27561207	15	30.814395
27562151	15	30.814503
27562330	15	30.814527
27563401	15	30.814678
27563589	15	30.814752
27564696	15	30.814915
27564776	15	30.814926
27564869	15	30.81494
27565820	15	30.815079
27566865	15	30.815229
27566913	15	30.815234
27567447	15	30.815266
27567972	15	30.815874
27571695	15	30.816555
27572503	15	30.81667
27572703	15	30.816698
27573119	15	30.816777
27573350	15	30.817234
27574012	15	30.818544
27574129	15	30.818776
27574262	15	30.819044
27575285	15	30.872595
27575761	15	30.897513
27575844	15	30.900036
27576076	15	30.900366
27576285	15	30.900659
27576869	15	30.901275
27576967	15	30.901336
27577018	15	30.901358
27577624	15	30.901585
27577674	15	30.901604
27577724	15	30.901623
27578090	15	30.901758
27578322	15	30.901845
27579030	15	30.902523
27579314	15	30.902725
27580027	15	30.903082
27580249	15	30.903132
27580323	15	30.903145
27580550	15	30.903182
27582057	15	30.903411
27582299	15	30.903448
27582302	15	30.903448
27582391	15	30.903462
27583155	15	30.903576
27583393	15	30.903612
27583700	15	30.903658
27584319	15	30.903749
27584927	15	30.903839
27586066	15	30.904008
27586271	15	30.904038
27586360	15	30.904051
27586445	15	30.904064
27586538	15	30.904078
27587221	15	30.904179
27587284	15	30.904218
27587635	15	30.904603
27587844	15	30.904807
27588007	15	30.904926
27588092	15	30.904981
27588129	15	30.904998
27588356	15	30.905056
27588877	15	30.905888
27590500	15	30.906204
27591656	15	30.906423
27592794	15	30.906643
27595657	15	30.908262
27596690	15	30.917766
27596891	15	30.921445
27598205	15	30.945495
27598668	15	30.947807
27599035	15	30.94918
27600129	15	30.950686
27600424	15	30.951095
27600775	15	30.951589
27601669	15	30.952789
27602214	15	30.953719
27603685	15	30.956958
27604158	15	30.957263
27605037	15	30.957812
27605433	15	30.957985
27605520	15	30.958006
27605777	15	30.958038
27607940	15	30.958284
27608149	15	30.958321
27611025	15	30.959228
27612250	15	30.959616
27612562	15	30.959709
27612938	15	30.959816
27613007	15	30.959834
27613141	15	30.959869
27613189	15	30.959882
27613262	15	30.959899
27614493	15	30.960186
27615301	15	30.960379
27615543	15	30.960442
27615997	15	30.960562
27617977	15	30.961247
27618809	15	30.961539
27619149	15	30.96166
27619270	15	30.961703
27619640	15	30.961838
27620137	15	30.962124
27620231	15	30.962161
27620317	15	30.96219
27620590	15	30.962281
27621050	15	30.962433
27621352	15	30.962534
27621521	15	30.962592
27621597	15	30.96262
27622524	15	30.963015
27622654	15	30.963091
27623276	15	30.963498
27623712	15	30.963923
27623942	15	30.965836
27624566	15	30.973571
27625037	15	30.979704
27625476	15	30.990971
27626083	15	31.006345
27626268	15	31.011008
27626457	15	31.013659
27626812	15	31.01863
27626829	15	31.018868
27626990	15	31.018977
27627006	15	31.018987
27627089	15	31.019041
27628416	15	31.019874
27628468	15	31.019906
27628609	15	31.019994
27628723	15	31.020064
27629248	15	31.020402
27629529	15	31.020582
27629686	15	31.020683
27631110	15	31.021597
27631397	15	31.025936
27631649	15	31.031045
27631915	15	31.037263
27631952	15	31.038129
27631981	15	31.038807
27632173	15	31.043296
27632206	15	31.043865
27633445	15	31.065236
27633602	15	31.065377
27633755	15	31.065499
27634130	15	31.065878
27634158	15	31.065965
27634312	15	31.066695
27634339	15	31.066823
27634369	15	31.066966
27634388	15	31.067087
27634964	15	31.073334
27635087	15	31.074668
27635151	15	31.075424
27635321	15	31.077438
27635575	15	31.080449
27636148	15	31.087244
27636690	15	31.096038
27636976	15	31.100675
27637258	15	31.104018
27637551	15	31.104736
27637675	15	31.105039
27637816	15	31.105266
27638495	15	31.105938
27638598	15	31.10604
27640870	15	31.108289
27642201	15	31.109611
27644096	15	31.111701
27645154	15	31.113415
27645213	15	31.113511
27645345	15	31.113781
27645443	15	31.114005
27645537	15	31.114233
27645697	15	31.11462
27646068	15	31.115501
27646082	15	31.115534
27646224	15	31.115873
27646405	15	31.116323
27646541	15	31.116706
27646638	15	31.117628
27646660	15	31.117791
27646965	15	31.119011
27647108	15	31.119696
27647251	15	31.12038
27647319	15	31.120706
27647423	15	31.121096
27647542	15	31.121425
27649545	15	31.125713
27651415	15	31.127184
27652167	15	31.127469
27653381	15	31.127828
27659647	15	31.129525
27659797	15	31.129608
27660191	15	31.129981
27664022	15	31.133059
27664904	15	31.13384
27665157	15	31.134052
27665372	15	31.134268
27665489	15	31.13439
27665551	15	31.134456
27665585	15	31.134493
27665667	15	31.13458
27665805	15	31.134726
27666145	15	31.135118
27666188	15	31.135171
27666337	15	31.135354
27666499	15	31.135554
27666803	15	31.135928
27667157	15	31.136242
27667198	15	31.136279
27667264	15	31.136338
27667337	15	31.136402
27668017	15	31.13687
27668844	15	31.137439
27669419	15	31.138042
27669737	15	31.139431
27669738	15	31.139431
27671788	15	31.140846
27672833	15	31.141567
27673477	15	31.142011
27675202	15	31.143204
27677913	15	31.145078
27678197	15	31.145274
27680350	15	31.149657
27680650	15	31.150267
27680690	15	31.150348
27680759	15	31.150489
27681353	15	31.1517
27681488	15	31.151977
27682565	15	31.154201
27683292	15	31.157033
27683648	15	31.16707
27683945	15	31.179814
27683978	15	31.181231
27684001	15	31.182218
27684044	15	31.184063
27684082	15	31.185648
27684168	15	31.188166
27684271	15	31.190209
27684314	15	31.191061
27684599	15	31.196698
27684659	15	31.197848
27684699	15	31.19838
27684714	15	31.198443
27685070	15	31.198915
27685295	15	31.199213
27685582	15	31.199595
27687165	15	31.201702
27687181	15	31.201724
27687185	15	31.20173
27687598	15	31.202301
27687756	15	31.203008
27688549	15	31.203765
27688803	15	31.20401
27688937	15	31.204134
27688976	15	31.204167
27689357	15	31.204455
27689610	15	31.20462
27689828	15	31.204747
27690090	15	31.204891
27690228	15	31.20496
27690278	15	31.204984
27690342	15	31.205014
27690744	15	31.205192
27690846	15	31.205265
27691617	15	31.206027
27692007	15	31.206298
27695013	15	31.207663
27695193	15	31.207745
27695708	15	31.207985
27696452	15	31.208355
27696751	15	31.208543
27698148	15	31.209733
27698272	15	31.209834
27699101	15	31.210484
27699278	15	31.210653
27700177	15	31.212304
27701501	15	31.214725
27702020	15	31.215726
27702269	15	31.216235
27702797	15	31.217324
27703131	15	31.218082
27703894	15	31.220253
27703972	15	31.220534
27704135	15	31.221208
27704786	15	31.224283
27704795	15	31.224327
27705181	15	31.226276
27705425	15	31.227497
27706761	15	31.234142
27707535	15	31.235367
27708737	15	31.236272
27714154	15	31.239884
27714426	15	31.240066
27714563	15	31.240158
27714709	15	31.240258
27715176	15	31.240577
27715344	15	31.240692
27715409	15	31.240741
27717238	15	31.242319
27717350	15	31.24257
27717798	15	31.24362
27718034	15	31.244179
27718682	15	31.245717
27719610	15	31.248022
27719665	15	31.248162
27720644	15	31.250727
27723352	15	31.258433
27723909	15	31.263168
27724420	15	31.267511
27724473	15	31.267962
27724973	15	31.272213
27725118	15	31.273446
27725807	15	31.279303
27726493	15	31.285134
27726799	15	31.287735
27726909	15	31.28867
27728252	15	31.300084
27729774	15	31.313012
27730346	15	31.317845
27730632	15	31.320261
27730789	15	31.321588
27731451	15	31.327181
27732041	15	31.332166
27732162	15	31.333013
27732352	15	31.334212
27732633	15	31.335926
27733208	15	31.339411
27733488	15	31.341106
27734279	15	31.341857
27734421	15	31.341991
27734479	15	31.342046
27734697	15	31.342252
27734866	15	31.342409
27734890	15	31.342431
27734960	15	31.342493
27736769	15	31.344085
27737000	15	31.344295
27737744	15	31.345013
27737807	15	31.34512
27739039	15	31.348501
27739226	15	31.348994
27740052	15	31.351216
27740226	15	31.351438
27740468	15	31.351644
27742842	15	31.353489
27742932	15	31.35356
27742950	15	31.353574
27743004	15	31.353618
27743194	15	31.353773
27743786	15	31.354268
27745292	15	31.35555
27745657	15	31.355868
27745846	15	31.35604
27746500	15	31.356661
27746578	15	31.356736
27746862	15	31.357012
27747592	15	31.357724
27748310	15	31.358426
27748884	15	31.358986
27749585	15	31.369552
27750367	15	31.389852
27750471	15	31.39255
27750559	15	31.394823
27752101	15	31.413914
27752658	15	31.416724
27752754	15	31.41719
27753157	15	31.419051
27754296	15	31.420129
27754690	15	31.420454
27755338	15	31.420969
27755871	15	31.421392
27756219	15	31.421669
27756712	15	31.422059
27756881	15	31.422166
27756913	15	31.422182
27758189	15	31.422633
27758643	15	31.422793
27759658	15	31.42315
27761160	15	31.423677
27762330	15	31.424088
27763513	15	31.424504
27764410	15	31.424818
27766022	15	31.425383
27766505	15	31.425553
27766748	15	31.425638
27767107	15	31.425848
27768454	15	31.431363
27768926	15	31.43516
27768958	15	31.435487
27771155	15	31.464126
27771419	15	31.467568
27771477	15	31.468328
27772129	15	31.476869
27772290	15	31.478914
27773509	15	31.480034
27773884	15	31.480357
27774171	15	31.480597
27775242	15	31.481464
27775749	15	31.481873
27776357	15	31.482374
27776742	15	31.482789
27776815	15	31.482878
27777214	15	31.483496
27777915	15	31.483556
27780076	15	31.483724
27781789	15	31.483773
27781954	15	31.483776
27783102	15	31.48379
27784344	15	31.483804
27784854	15	31.48381
27785012	15	31.483812
27788579	15	31.483853
27789763	15	31.483867
27790746	15	31.483878
27792639	15	31.4839
27792891	15	31.483906
27794105	15	31.483951
27795075	15	31.48551
27795196	15	31.485869
27795611	15	31.486142
27796657	15	31.486672
27796758	15	31.486723
27796781	15	31.486736
27796793	15	31.486744
27797008	15	31.486902
27797286	15	31.487699
27798244	15	31.493863
27798967	15	31.495363
27799083	15	31.495503
27799154	15	31.495588
27799289	15	31.495707
27799396	15	31.495837
27800369	15	31.49706
27802623	15	31.497236
27803046	15	31.497267
27803167	15	31.497275
27803589	15	31.497305
27804158	15	31.497344
27804365	15	31.497362
27805438	15	31.49748
27805544	15	31.497494
27806436	15	31.497615
27806478	15	31.497626
27806928	15	31.497983
27807153	15	31.498154
27807508	15	31.498211
27808337	15	31.498223
27808411	15	31.498224
27808632	15	31.498228
27808998	15	31.498234
27809200	15	31.498924
27810386	15	31.498954
27811366	15	31.498979
27812448	15	31.499727
27812704	15	31.499914
27812717	15	31.499924
27813762	15	31.500635
27815045	15	31.500661
27815483	15	31.500671
27818732	15	31.501139
27819940	15	31.501317
27820195	15	31.50133
27823922	15	31.501576
27825295	15	31.501668
27825594	15	31.501689
27826421	15	31.501746
27826541	15	31.501755
27826787	15	31.501772
27826814	15	31.501774
27827011	15	31.501788
27827082	15	31.501793
27827749	15	31.501842
27827908	15	31.501854
27828335	15	31.501885
27829674	15	31.502413
27830004	15	31.502543
27831683	15	31.50271
27832014	15	31.502735
27832162	15	31.502747
27832816	15	31.502796
27833290	15	31.502833
27834714	15	31.502941
27834915	15	31.502958
27835020	15	31.503179
27835221	15	31.504712
27835438	15	31.505376
27835546	15	31.505572
27835714	15	31.505868
27836876	15	31.506019
27837024	15	31.506073
27837072	15	31.50612
27837105	15	31.506186
27837683	15	31.507973
27838061	15	31.51154
27838277	15	31.513578
27838938	15	31.514925
27839034	15	31.515001
27839992	15	31.515267
27840054	15	31.515286
27841250	15	31.515672
27841435	15	31.515725
27841591	15	31.515761
27842301	15	31.515891
27843632	15	31.516088
27844080	15	31.516154
27844419	15	31.516413
27845027	15	31.51688
27845686	15	31.516989
27845741	15	31.516999
27845858	15	31.517022
27846099	15	31.517076
27846144	15	31.517087
27846342	15	31.517142
27846555	15	31.517206
27846637	15	31.517232
27847435	15	31.517511
27847454	15	31.517517
27848136	15	31.517749
27848288	15	31.517799
27848440	15	31.517847
27849619	15	31.518201
27851175	15	31.51866
27851203	15	31.518669
27851307	15	31.518699
27851392	15	31.518724
27851696	15	31.518813
27851907	15	31.518875
27851939	15	31.518885
27852132	15	31.518941
27855430	15	31.519907
27855647	15	31.519971
27855797	15	31.520015
27855991	15	31.520071
27856062	15	31.520092
27861441	15	31.521663
27862875	15	31.522042
27863165	15	31.522101
27863832	15	31.522192
27864008	15	31.522214
27865552	15	31.52239
27866600	15	31.52251
27867562	15	31.523209
27867577	15	31.52322
27867994	15	31.523271
27868515	15	31.52333
27868593	15	31.523337
27869085	15	31.523376
27869128	15	31.523379
27869143	15	31.52338
27869179	15	31.523382
27869455	15	31.523399
27869705	15	31.523413
27869915	15	31.523425
27869938	15	31.523427
27870237	15	31.523444
27871027	15	31.52349
27871129	15	31.523512
27872276	15	31.523951
27872361	15	31.523984
27872544	15	31.524054
27873102	15	31.524267
27873298	15	31.524342
27874232	15	31.524394
27874257	15	31.524395
27874261	15	31.524396
27875062	15	31.524438
27875420	15	31.524457
27875463	15	31.524459
27875567	15	31.524464
27875601	15	31.524466
27876119	15	31.524494
27876713	15	31.524527
27879976	15	31.52471
27881027	15	31.524768
27882227	15	31.524832
27884577	15	31.524952
27885495	15	31.524998
27885716	15	31.525008
27886487	15	31.525046
27886897	15	31.525065
27887284	15	31.525083
27887699	15	31.5251
27888228	15	31.525121
27888601	15	31.525135
27888745	15	31.52514
27889068	15	31.525151
27891060	15	31.525211
27891755	15	31.525232
27892164	15	31.525244
27892377	15	31.52525
27894217	15	31.525304
27894714	15	31.525318
27895507	15	31.525342
27895698	15	31.525348
27895748	15	31.52535
27896158	15	31.525376
27897462	15	31.526063
27899226	15	31.526717
27899830	15	31.527504
27899852	15	31.527533
27899878	15	31.527567
27899904	15	31.527601
27899924	15	31.527627
27900263	15	31.528069
27900274	15	31.528083
27900595	15	31.528502
27900652	15	31.528576
27901647	15	31.529872
27902060	15	31.529931
27902314	15	31.529969
27902470	15	31.53
27902593	15	31.530042
27902714	15	31.530108
27902796	15	31.530152
27903091	15	31.530296
27903455	15	31.531176
27903543	15	31.531295
27903591	15	31.531353
27903975	15	31.531783
27904551	15	31.532428
27904776	15	31.532889
27905415	15	31.532923
27905496	15	31.532925
27905700	15	31.532927
27905859	15	31.532929
27905916	15	31.534591
27906205	15	31.54302
27906552	15	31.543023
27906793	15	31.543025
27907396	15	31.54303
27907452	15	31.54303
27907527	15	31.543031
27907664	15	31.543032
27908182	15	31.543036
27908447	15	31.543038
27909610	15	31.543047
27909618	15	31.543047
27909695	15	31.543184
27909785	15	31.543353
27909864	15	31.543501
27909957	15	31.543547
27910047	15	31.543549
27910083	15	31.543549
27910384	15	31.543555
27910774	15	31.543562
27911515	15	31.543576
27912113	15	31.543587
27912355	15	31.543591
27912929	15	31.543602
27913237	15	31.543609
27913301	15	31.54361
27913598	15	31.543616
27913749	15	31.543619
27915418	15	31.543658
27915837	15	31.543984
27915954	15	31.544075
27916336	15	31.544372
27916799	15	31.544385
27917657	15	31.544413
27917704	15	31.544416
27917747	15	31.54442
27918845	15	31.544564
27919322	15	31.544663
27919395	15	31.544759
27920733	15	31.544897
27921121	15	31.544932
27921227	15	31.544941
27921613	15	31.544972
27924310	15	31.545186
27924452	15	31.545196
27924972	15	31.54523
27925248	15	31.545247
27925405	15	31.545257
27925548	15	31.545265
27925592	15	31.545268
27925982	15	31.54529
27926148	15	31.5453
27926524	15	31.545322
27928383	15	31.54543
27928485	15	31.545439
27929086	15	31.545506
27929655	15	31.545574
27929911	15	31.545606
27930291	15	31.545655
27930753	15	31.545725
27931129	15	31.54652
27931261	15	31.546538
27931682	15	31.546598
27931803	15	31.546643
27932082	15	31.547224
27932267	15	31.547292
27932591	15	31.547411
27932726	15	31.547472
27932760	15	31.548704
27933689	15	31.609562
27933722	15	31.611724
27934160	15	31.640417
27934457	15	31.659873
27934530	15	31.664637
27934733	15	31.677723
27934754	15	31.679077
27934956	15	31.685691
27934991	15	31.686837
27935054	15	31.6874
27936835	15	31.689292
27937160	15	31.689569
27937218	15	31.689603
27937569	15	31.689723
27938208	15	31.689812
27938823	15	31.68989
27938979	15	31.68991
27939381	15	31.68996
27939726	15	31.690004
27939779	15	31.69001
27939892	15	31.690024
27940327	15	31.690079
27940869	15	31.690149
27941314	15	31.690268
27941512	15	31.690882
27941839	15	31.697222
27942626	15	31.712477
27943858	15	31.735056
27947078	15	31.738209
27947562	15	31.738309
27949336	15	31.738619
27951675	15	31.73903
27951739	15	31.739042
27951760	15	31.739045
27951878	15	31.739067
27951891	15	31.739069
27953421	15	31.739354
27953972	15	31.739484
27954159	15	31.739561
27954707	15	31.739848
27954896	15	31.739967
27955262	15	31.740308
27955508	15	31.740956
27955855	15	31.741737
27956393	15	31.741921
27957427	15	31.742248
27957479	15	31.742262
27960418	15	31.74301
27962871	15	31.743417
27963288	15	31.743492
27966612	15	31.744211
27966775	15	31.744236
27968704	15	31.744381
27969002	15	31.744396
27969613	15	31.74442
27971711	15	31.7445
27975601	15	31.744657
27975890	15	31.744668
27975992	15	31.744673
27976183	15	31.744681
27977634	15	31.744742
27978226	15	31.744766
27978427	15	31.744775
27978690	15	31.744786
27981395	15	31.744902
27981803	15	31.744929
27981898	15	31.744941
27982117	15	31.744983
27983498	15	31.745311
27984109	15	31.745458
27984264	15	31.745496
27984549	15	31.745578
27984951	15	31.745788
27985038	15	31.745838
27986133	15	31.746957
27986211	15	31.747006
27986647	15	31.747273
27988061	15	31.748134
27989045	15	31.748736
27989264	15	31.748948
27989483	15	31.749429
27990627	15	31.751937
27992420	15	31.75268
27992763	15	31.752717
27994155	15	31.752811
27994564	15	31.752838
27994589	15	31.75284
27995158	15	31.752878
27999839	15	31.753195
28001844	15	31.753331
28004439	15	31.757075
28004863	15	31.757718
28005010	15	31.757909
28012425	15	31.761202
28014717	15	31.762227
28015163	15	31.763169
28018482	15	31.770236
28019708	15	31.772849
28021089	15	31.7813
28021881	15	31.794818
28022192	15	31.800501
28023490	15	31.815965
28023844	15	31.818962
28023862	15	31.819065
28024009	15	31.819159
28026306	15	31.820618
28026565	15	31.820783
28026629	15	31.820823
28026919	15	31.820948
28027178	15	31.82104
28028204	15	31.821378
28029114	15	31.821678
28029311	15	31.821743
28029839	15	31.821917
28030042	15	31.821985
28030185	15	31.822032
28030885	15	31.822264
28031090	15	31.822332
28031393	15	31.822433
28031540	15	31.822483
28031616	15	31.822508
28031834	15	31.822582
28031855	15	31.822589
28031914	15	31.822609
28033130	15	31.823021
28033460	15	31.823133
28034916	15	31.823622
28035689	15	31.823882
28036619	15	31.824293
28036916	15	31.824442
28036950	15	31.824459
28037595	15	31.825871
28038295	15	31.827411
28038361	15	31.827556
28038543	15	31.827697
28040138	15	31.828333
28040971	15	31.828665
28041647	15	31.828935
28041848	15	31.829027
28041879	15	31.829049
28042198	15	31.829356
28042956	15	31.830135
28042975	15	31.830155
28043403	15	31.830271
28043602	15	31.830322
28046666	15	31.831092
28047032	15	31.831184
28048642	15	31.831589
28049041	15	31.831691
28049776	15	31.83188
28051279	15	31.832278
28052230	15	31.834053
28052748	15	31.835572
28052887	15	31.835654
28052911	15	31.835665
28052926	15	31.835672
28053164	15	31.835755
28053473	15	31.835859
28053919	15	31.836007
28053941	15	31.836014
28054107	15	31.836068
28054176	15	31.836091
28054270	15	31.836122
28054308	15	31.836135
28054328	15	31.836141
28054462	15	31.836186
28055503	15	31.83653
28055907	15	31.836663
28056811	15	31.836962
28056891	15	31.836988
28056942	15	31.837005
28057806	15	31.83729
28058476	15	31.839201
28058717	15	31.839888
28059189	15	31.841233
28059198	15	31.841257
28059841	15	31.842893
28059881	15	31.842945
28060337	15	31.843528
28060354	15	31.843541
28062244	15	31.844898
28065828	15	31.847018
28071500	15	31.850315
28073706	15	31.851601
28074061	15	31.851829
28074716	15	31.852356
28075537	15	31.853683
28078624	15	31.857463
28082479	15	31.871802
28082689	15	31.873777
28083587	15	31.882405
28083619	15	31.882578
28083756	15	31.883032
28085222	15	31.887217
28087387	15	31.892982
28090674	15	31.901351
28093567	15	31.910047
28099092	15	31.926837
28110509	15	31.961619
28110845	15	31.962999
28110984	15	31.963084
28111203	15	31.963216
28111350	15	31.963302
28112084	15	31.963736
28114112	15	31.963779
28115894	15	31.9638
28115996	15	31.963801
28116618	15	31.963808
28117313	15	31.963817
28119808	15	31.964287
28119942	15	31.964295
28120285	15	31.964299
28120472	15	31.964299
28120587	15	31.9643
28121044	15	31.964301
28122205	15	31.964305
28123712	15	31.964309
28123823	15	31.96431
28123849	15	31.96431
28125408	15	31.964315
28127299	15	31.964321
28128188	15	31.964323
28128866	15	31.964326
28130726	15	31.964332
28131078	15	31.964361
28131764	15	31.96477
28132626	15	31.964798
28137361	15	31.964826
28137626	15	31.964859
28141480	15	31.965872
28144362	15	31.967474
28145443	15	31.968095
28145519	15	31.968147
28145755	15	31.968488
28145780	15	31.968522
28147568	15	31.970853
28148928	15	31.972279
28151748	15	31.972317
28161160	15	31.972436
28163427	15	31.972466
28166021	15	31.972503
28167301	15	31.972518
28169519	15	31.972548
28170704	15	31.972592
28171059	15	31.972606
28176880	15	31.972834
28180625	15	31.972981
28182770	15	31.973066
28182840	15	31.973069
28188258	15	31.973294
28189710	15	31.973356
28190423	15	31.973402
28191450	15	31.97351
28191596	15	31.97352
28192295	15	31.97355
28192962	15	31.973577
28193204	15	31.973586
28195141	15	31.973661
28198512	15	31.973788
28199907	15	31.973839
28204223	15	31.973996
28208069	15	31.974121
28217095	15	31.97438
28219774	15	31.974447
28222789	15	31.974521
28222824	15	31.974522
28223577	15	31.974538
28224149	15	31.97455
28230224	15	31.974661
28230324	15	31.974663
28231799	15	31.97469
28238397	15	31.974811
28242183	15	31.974881
28243742	15	31.974909
28245222	15	31.974937
28248326	15	31.974994
28248886	15	31.975004
28249056	15	31.975015
28250707	15	31.975479
28251049	15	31.975575
28257133	15	31.975654
28257598	15	31.975663
28259172	15	31.975692
28259523	15	31.975698
28260219	15	31.975708
28261304	15	31.975723
28261687	15	31.975729
28261954	15	31.975735
28264693	15	31.975788
28265749	15	31.975818
28268218	15	31.97591
28268367	15	31.975915
28269135	15	31.975948
28270938	15	31.976028
28272823	15	31.976114
28273423	15	31.976143
28274123	15	31.976187
28275360	15	31.976268
28275408	15	31.976283
28277456	15	31.976909
28277538	15	31.976922
28281082	15	31.977114
28285036	15	31.977326
28285213	15	31.977336
28286114	15	31.977384
28286974	15	31.977448
28287493	15	31.977537
28290120	15	31.978394
28290529	15	31.978452
28294688	15	31.978639
28299213	15	31.978852
28309148	15	31.980678
28313192	15	31.981421
28314041	15	31.98165
28315499	15	31.982043
28315903	15	31.9822
28634439	15	32.353862
28694905	15	32.420375
28711974	15	32.439253
28713593	15	32.441042
28714238	15	32.441752
28716389	15	32.444112
28717394	15	32.445213
28717954	15	32.445827
28721533	15	32.449744
28724427	15	32.453045
28724519	15	32.453167
28727888	15	32.458422
28754022	15	32.505302
28760529	15	32.517583
28760947	15	32.521584
28765150	15	32.562814
28767009	15	32.58105
28767971	15	32.582492
28768018	15	32.582556
28774819	15	32.590883
28785252	15	32.602268
28785352	15	32.602377
28787435	15	32.60464
28802666	15	32.621253
28805052	15	32.624743
28806875	15	32.627468
28806888	15	32.627488
28809524	15	32.631611
28810781	15	32.63361
28811383	15	32.634568
28812262	15	32.636
28812509	15	32.636443
28813152	15	32.637758
28919355	15	32.938983
28920744	15	32.941336
28924859	15	32.947462
28925429	15	32.947881
28926517	15	32.948678
28929396	15	32.949435
28931079	15	32.949999
28933197	15	32.951321
28933682	15	32.952159
28934949	15	32.95442
28935110	15	32.954709
28935179	15	32.954834
28937591	15	32.959179
28938657	15	32.959371
28942500	15	32.960035
28942661	15	32.960064
28942723	15	32.960077
28942876	15	32.960112
28943076	15	32.96016
28943125	15	32.960174
28943504	15	32.960304
28943515	15	32.960309
28943936	15	32.960477
28944030	15	32.960509
28944064	15	32.960519
28944085	15	32.960524
28944141	15	32.960536
28944171	15	32.960542
28944321	15	32.960571
28944390	15	32.960583
28944472	15	32.960595
28944855	15	32.960649
28945218	15	32.961408
28945905	15	32.96151
28945999	15	32.961523
28946136	15	32.961542
28946370	15	32.961573
28946377	15	32.961573
28947271	15	32.961692
28947307	15	32.961696
28947614	15	32.961737
28947788	15	32.961761
28948633	15	32.961878
28949373	15	32.962468
28949961	15	32.962744
28950026	15	32.962774
28951015	15	32.963228
28952170	15	32.964258
28952927	15	32.964934
28954454	15	32.966861
28954826	15	32.96733
28955266	15	32.967726
28955331	15	32.967784
28955488	15	32.967927
28955546	15	32.967965
28955711	15	32.968075
28955721	15	32.968082
28955800	15	32.968128
28956265	15	32.968388
28956286	15	32.968398
28957287	15	32.968796
28957746	15	32.968925
28957790	15	32.968933
28959398	15	32.969109
28959494	15	32.969119
28960754	15	32.96925
28961685	15	32.969347
28963541	15	32.970201
28963596	15	32.970226
28963893	15	32.970364
28963955	15	32.970393
28964413	15	32.970606
28964417	15	32.970608
28967219	15	32.971923
28967403	15	32.972019
28969513	15	32.973169
28971303	15	32.974143
28972303	15	32.974316
28973951	15	32.974537
28973968	15	32.974539
28974356	15	32.974589
28974439	15	32.9746
28975120	15	32.974686
28975675	15	32.974756
28976347	15	32.974841
28976529	15	32.974864
28977478	15	32.974985
28978297	15	32.975094
28978810	15	32.975172
28982356	15	32.975809
28982621	15	32.975889
28983548	15	32.976527
28984675	15	32.977289
28986113	15	32.978262
28986919	15	32.978806
28989768	15	32.980733
28990387	15	32.981169
28991563	15	32.984934
28991711	15	32.985375
28991856	15	32.985796
28991910	15	32.985948
28992038	15	32.986304
28994301	15	32.987068
28994629	15	32.987152
28994695	15	32.987164
28994736	15	32.98717
28994825	15	32.987179
28995819	15	32.987274
28996217	15	32.987898
28997109	15	32.98797
28997270	15	32.987982
28997300	15	32.987985
28997386	15	32.987991
28998271	15	32.988049
28998460	15	32.988061
28998613	15	32.988071
29001121	15	32.988232
29001844	15	32.988279
29001977	15	32.988287
29002319	15	32.988309
29002501	15	32.988321
29003274	15	32.988371
29003443	15	32.988384
29003667	15	32.988407
29003740	15	32.988416
29004302	15	32.988502
29004626	15	32.988603
29004639	15	32.988608
29004647	15	32.988611
29004656	15	32.988615
29005265	15	32.988939
29006380	15	32.98951
29006809	15	32.989644
29007557	15	32.989878
29007655	15	32.989897
29011328	15	32.990263
29011600	15	32.99065
29011793	15	32.990891
29013170	15	32.991031
29013234	15	32.991037
29015701	15	32.99129
29017157	15	32.992964
29017688	15	32.993625
29017728	15	32.993656
29017935	15	32.993693
29018460	15	32.993715
29018517	15	32.993717
29022569	15	32.993758
29022579	15	32.993758
29023112	15	32.993764
29023141	15	32.993764
29023401	15	32.993767
29023591	15	32.99378
29024263	15	32.99475
29024534	15	32.995141
29024675	15	32.995227
29024692	15	32.995234
29024808	15	32.995267
29024900	15	32.995288
29025257	15	32.995349
29025647	15	32.995416
29026341	15	32.995542
29026445	15	32.995572
29031070	15	32.997605
29032650	15	32.997926
29033218	15	32.998041
29033663	15	32.998127
29035149	15	32.998417
29035680	15	32.998522
29036667	15	32.998717
29037030	15	32.998875
29037851	15	32.999492
29038388	15	33.000151
29039695	15	33.001848
29039995	15	33.002024
29040072	15	33.002069
29040192	15	33.002126
29040383	15	33.002201
29040823	15	33.002327
29040997	15	33.002355
29041821	15	33.002463
29042088	15	33.002499
29042557	15	33.00256
29042760	15	33.002587
29042936	15	33.00261
29043098	15	33.002631
29043271	15	33.002654
29044402	15	33.002804
29046006	15	33.05818
29046123	15	33.065309
29046299	15	33.076064
29047006	15	33.119265
29047296	15	33.136981
29047744	15	33.153764
29049402	15	33.15678
29049904	15	33.157687
29051425	15	33.159993
29051589	15	33.160141
29053693	15	33.161191
29054403	15	33.161547
29054816	15	33.161755
29056123	15	33.16241
29056254	15	33.16246
29057869	15	33.162873
29058209	15	33.162956
29059358	15	33.163229
29060462	15	33.163489
29062644	15	33.164001
29065351	15	33.164638
29066764	15	33.165108
29067745	15	33.165795
29068198	15	33.166191
29069962	15	33.167824
29070011	15	33.167869
29070752	15	33.168509
29075414	15	33.172525
29076113	15	33.173126
29076312	15	33.1733
29076334	15	33.173319
29077975	15	33.174814
29078744	15	33.17524
29082015	15	33.175976
29084571	15	33.176558
29086471	15	33.176991
29086613	15	33.177026
29087051	15	33.177144
29087561	15	33.177318
29087920	15	33.177642
29088581	15	33.178659
29088972	15	33.179403
29089598	15	33.182494
29090260	15	33.185978
29090625	15	33.187913
29090866	15	33.189193
29091713	15	33.193693
29091769	15	33.193981
29092147	15	33.194695
29092159	15	33.194712
29092748	15	33.195305
29092896	15	33.19544
29092946	15	33.195476
29093001	15	33.195503
29093813	15	33.195728
29094075	15	33.195801
29094390	15	33.195888
29094530	15	33.195927
29096821	15	33.196561
29097151	15	33.196652
29097980	15	33.19688
29099947	15	33.197421
29100866	15	33.197673
29104118	15	33.198565
29105142	15	33.202995
29106711	15	33.217473
29107394	15	33.223788
29107806	15	33.227596
29110135	15	33.24859
29112342	15	33.250455
29112662	15	33.250727
29113172	15	33.251165
29113320	15	33.251293
29114137	15	33.252003
29114343	15	33.252187
29114408	15	33.252246
29114494	15	33.252326
29115305	15	33.253088
29115715	15	33.254006
29115843	15	33.254304
29116034	15	33.254852
29116684	15	33.256983
29117870	15	33.263979
29118035	15	33.264366
29118350	15	33.264905
29118375	15	33.264947
29118386	15	33.264966
29118520	15	33.265191
29118867	15	33.265767
29119123	15	33.266192
29119844	15	33.267388
29119876	15	33.267474
29120141	15	33.268457
29120199	15	33.268673
29120363	15	33.269283
29120426	15	33.269518
29120748	15	33.270724
29120860	15	33.271142
29120892	15	33.271252
29121475	15	33.272479
29122034	15	33.273548
29122343	15	33.274138
29122681	15	33.274782
29123357	15	33.276068
29123495	15	33.276333
29124698	15	33.278699
29124854	15	33.279032
29124896	15	33.279131
29124945	15	33.279258
29125333	15	33.280364
29125459	15	33.280724
29125912	15	33.282023
29126128	15	33.282645
29126371	15	33.283346
29126542	15	33.283834
29126784	15	33.284423
29127067	15	33.284995
29127688	15	33.286178
29127692	15	33.286185
29127985	15	33.286746
29128178	15	33.287644
29128811	15	33.294165
29128851	15	33.294773
29132552	15	33.371783
29132633	15	33.373468
29133037	15	33.381875
29134044	15	33.40287
29136814	15	33.460622
29136885	15	33.461516
29137143	15	33.462764
29139562	15	33.474394
29139618	15	33.474664
29139979	15	33.476406
29141826	15	33.485287
29144021	15	33.49583
29145949	15	33.50509
29146274	15	33.505988
29148814	15	33.508524
29150001	15	33.514552
29150171	15	33.51612
29150236	15	33.516726
29150322	15	33.517528
29150454	15	33.518762
29150588	15	33.520014
29150919	15	33.522731
29151064	15	33.52278
29151111	15	33.522793
29151133	15	33.522798
29151189	15	33.522814
29151223	15	33.522828
29151271	15	33.52287
29151300	15	33.522905
29151345	15	33.52298
29151504	15	33.523413
29151559	15	33.523421
29151654	15	33.523423
29151746	15	33.523425
29151875	15	33.523429
29151953	15	33.523431
29152129	15	33.523435
29152167	15	33.523436
29152290	15	33.523439
29152459	15	33.523443
29152804	15	33.523452
29152832	15	33.523462
29153478	15	33.523962
29153499	15	33.523973
29154417	15	33.524614
29154846	15	33.525951
29154944	15	33.526272
29155684	15	33.528666
29155854	15	33.531229
29155934	15	33.535416
29157142	15	33.598755
29157526	15	33.61889
29158073	15	33.64757
29158141	15	33.649779
29158724	15	33.655485
29158843	15	33.655677
29158895	15	33.655761
29159061	15	33.65603
29159410	15	33.656633
29159426	15	33.656655
29159975	15	33.657139
29160176	15	33.657296
29160797	15	33.657723
29161302	15	33.657977
29162431	15	33.658435
29162466	15	33.658446
29168190	15	33.659701
29169140	15	33.660107
29169267	15	33.661363
29169330	15	33.662323
29170631	15	33.687548
29170909	15	33.693924
29171839	15	33.71525
29171930	15	33.716204
29172187	15	33.71902
29172678	15	33.724398
29172912	15	33.726999
29172973	15	33.727676
29173007	15	33.728051
29173040	15	33.728412
29173225	15	33.730423
29175150	15	33.751321
29175269	15	33.752393
29175380	15	33.752627
29175402	15	33.752681
29175419	15	33.752721
29175544	15	33.753054
29176461	15	33.755685
29176591	15	33.755992
29176685	15	33.756193
29177018	15	33.756897
29177033	15	33.756928
29177668	15	33.758131
29182500	15	33.759021
29186758	15	33.759467
29186834	15	33.759475
29190239	15	33.759831
29191446	15	33.76063
29191531	15	33.760648
29191606	15	33.760657
29191967	15	33.760695
29192009	15	33.760699
29192512	15	33.760753
29193107	15	33.760817
29193132	15	33.760819
29193622	15	33.760874
29194384	15	33.760961
29196037	15	33.761204
29196864	15	33.761555
29198013	15	33.762087
29199507	15	33.762572
29200950	15	33.763042
29202190	15	33.763455
29204423	15	33.764523
29204630	15	33.764632
29204684	15	33.764659
29205681	15	33.765157
29206661	15	33.765645
29206833	15	33.766044
29207288	15	33.767136
29207357	15	33.767317
29207372	15	33.767361
29208042	15	33.769404
29208095	15	33.769533
29209016	15	33.771101
29210753	15	33.774055
29212233	15	33.776356
29212850	15	33.777145
29214874	15	33.777357
29216629	15	33.77754
29220493	15	33.777949
29223454	15	33.778724
29223489	15	33.778733
29224028	15	33.778876
29224204	15	33.778924
29224431	15	33.778985
29225416	15	33.779251
29226685	15	33.779595
29226960	15	33.779669
29227609	15	33.780556
29229009	15	33.780922
29229118	15	33.78095
29229547	15	33.781056
29230027	15	33.781171
29231271	15	33.781444
29231788	15	33.781549
29232940	15	33.78177
29233387	15	33.781851
29233651	15	33.781896
29234075	15	33.781965
29234521	15	33.78322
29234717	15	33.783771
29234767	15	33.783782
29235008	15	33.783832
29235633	15	33.783964
29236012	15	33.784273
29236025	15	33.784285
29236724	15	33.785063
29236814	15	33.785177
29237549	15	33.7865
29238279	15	33.787832
29239129	15	33.789001
29239174	15	33.789062
29241174	15	33.791703
29242476	15	33.796277
29243104	15	33.796381
29243766	15	33.796451
29243969	15	33.796472
29243988	15	33.796474
29244249	15	33.796501
29244741	15	33.796552
29244982	15	33.796577
29245398	15	33.796621
29247453	15	33.79684
29247995	15	33.79705
29248059	15	33.797075
29248213	15	33.797136
29248907	15	33.797411
29250328	15	33.797947
29250570	15	33.79812
29250751	15	33.798304
29250773	15	33.798327
29250908	15	33.798471
29250988	15	33.798546
29252319	15	33.799606
29252452	15	33.799713
29252924	15	33.800644
29254129	15	33.801623
29255106	15	33.802119
29256279	15	33.804584
29256365	15	33.804613
29256516	15	33.804654
29257031	15	33.804773
29258311	15	33.805065
29258615	15	33.805135
29258941	15	33.80521
29259170	15	33.805262
29259260	15	33.805283
29259428	15	33.805321
29259480	15	33.805333
29260352	15	33.805533
29260639	15	33.805599
29261058	15	33.805696
29261119	15	33.80571
29261164	15	33.80572
29261478	15	33.805792
29261555	15	33.80581
29262547	15	33.806037
29262711	15	33.806075
29262813	15	33.8061
29263309	15	33.806224
29263482	15	33.806282
29263533	15	33.806305
29264363	15	33.807019
29266654	15	33.80944
29267195	15	33.810071
29267232	15	33.810113
29267396	15	33.810294
29269896	15	33.812964
29270436	15	33.81354
29272431	15	33.815625
29275008	15	33.825161
29276383	15	33.830245
29277914	15	33.831865
29278014	15	33.831971
29278524	15	33.832511
29279222	15	33.84098
29280512	15	33.842582
29280569	15	33.84266
29280660	15	33.842785
29281179	15	33.843625
29281413	15	33.844
29281495	15	33.84405
29281576	15	33.844089
29281653	15	33.844116
29281690	15	33.844125
29281826	15	33.844147
29282047	15	33.844166
29282235	15	33.844182
29282757	15	33.844223
29283632	15	33.844293
29283868	15	33.844504
29284249	15	33.844902
29285242	15	33.847442
29285451	15	33.847737
29287207	15	33.848086
29287944	15	33.84823
29288334	15	33.848307
29290307	15	33.848697
29290322	15	33.848702
29290443	15	33.848757
29290629	15	33.848871
29290761	15	33.84896
29290859	15	33.849021
29291676	15	33.849464
29291990	15	33.84964
29293044	15	33.851772
29293734	15	33.854516
29293869	15	33.855055
29294373	15	33.857069
29294423	15	33.857295
29294755	15	33.85896
29295258	15	33.861481
29295617	15	33.868713
29297077	15	33.938132
29297136	15	33.938147
29297158	15	33.938153
29297212	15	33.938166
29297268	15	33.93818
29297329	15	33.938195
29297578	15	33.938258
29297597	15	33.938264
29298078	15	33.938435
29298185	15	33.938487
29298202	15	33.938499
29298289	15	33.938593
29298454	15	33.938901
29298675	15	33.939196
29298744	15	33.939238
29298930	15	33.939273
29302333	15	33.939396
29303036	15	33.93954
29305116	15	33.940176
29305598	15	33.940324
29307644	15	33.94095
29307799	15	33.940998
29308127	15	33.941098
29310257	15	33.941751
29310799	15	33.941917
29311408	15	33.942107
29312378	15	33.942408
29312893	15	33.942677
29313240	15	33.942865
29313515	15	33.943014
29313655	15	33.94309
29313727	15	33.943129
29314370	15	33.943476
29315131	15	33.943882
29315982	15	33.944336
29316035	15	33.944364
29316194	15	33.944449
29316265	15	33.944487
29316410	15	33.944569
29316474	15	33.944604
29316621	15	33.944681
29318212	15	33.945517
29318997	15	33.945931
29319024	15	33.945945
29319264	15	33.946073
29319749	15	33.946334
29319895	15	33.946412
29319920	15	33.946425
29320333	15	33.946648
29321124	15	33.947075
29321713	15	33.947572
29322907	15	33.948592
29323412	15	33.949025
29324693	15	33.95012
29324954	15	33.950344
29326146	15	33.951371
29326157	15	33.951385
29327390	15	33.952997
29327620	15	33.959085
29328650	15	33.993561
29328869	15	34.000892
29330596	15	34.058698
29330643	15	34.060272
29330745	15	34.063689
29331171	15	34.078002
29331792	15	34.098867
